100
916390 328355 693 4556
555798 186498 857 9983
495083 885729 364 9945
522160 73942 685 521
0 0 734 1
883983 656719 63 9951
758605 72146 346 9902
694610 9210 418 3303
288538 116104 564 9936
339301 343663 818 9931
0 0 541 631
240709 325470 656 3704
724869 15818 601 9925
237353 345882 105 5990
382584 17395 998 9920
261055 999053 687 9983
108735 735282 654 1658
682813 170420 404 2300
355937 246331 351 9928
862507 916213 870 9935
264844 993451 152 9910
203826 100527 23 1673
426815 512039 250 2381
710558 552924 761 9914
553475 694599 102 8014
0 983390 439 1
248240 740306 451 9972
110795 393007 935 9949
648004 972705 163 9912
16235 106658 381 9992
204115 0 828 1
799128 44555 937 9920
240974 805971 603 3240
951526 674302 163 9970
258528 381093 453 515
802094 42251 504 9935
161635 412982 224 9983
277392 993626 336 3285
319757 290892 19 4340
331047 270419 245 5289
250635 282831 371 9939
247301 121011 725 5852
519671 80480 987 8980
0 0 1000 10000
954948 0 557 1
388671 72242 130 9952
73107 810297 560 5099
0 0 100 199
625703 546226 966 4032
354138 500074 387 9910
550859 875531 604 9930
882417 185664 574 2209
628074 740174 19 9914
805799 747824 716 468
986499 41802 804 7849
754978 839428 372 7007
0 0 10 5
867129 268521 847 4750
456351 487181 358 2793
308466 556615 407 4436
53415 181842 579 5568
13878 844693 371 3241
576467 86063 257 5484
511459 468377 93 7757
627388 725219 57 5013
21775 265318 862 9911
539558 360688 602 9917
938212 429200 508 9939
658819 334440 300 9946
935284 942563 221 9964
385869 851425 209 4957
470567 853208 361 931
297715 628712 930 4924
53213 521154 49 3560
820877 946720 644 9915
308119 275151 64 9953
597392 997360 163 5190
283744 654781 570 9943
797284 167632 863 9971
737530 788852 3 6430
79370 448951 894 9917
240913 0 469 2878
236204 320408 308 638
18960 489393 699 9924
376982 221212 439 9901
604764 457693 866 3858
744589 549340 969 9919
743478 747959 186 7050
100117 580940 527 9946
746295 556266 996 7736
316008 74783 744 9929
696956 548456 211 9911
576676 400635 531 9982
521392 120530 989 9984
801637 44626 710 1621
735482 52729 82 9990
0 915467 965 6073
259874 503621 237 4952
933067 934170 193 726
146226 25917 687 9408
