100
71932 472260 565 2698
138266 334204 154 9992
147885 485894 477 2399
152954 123968 974 9916
852875 728885 39 9941
859757 115033 880 1007
626084 500277 466 5197
573693 764977 857 9908
643598 139548 249 8403
897610 950865 833 9236
615467 621102 941 9908
757127 450095 807 7751
87430 416486 770 9950
491546 136676 768 9914
347786 481229 176 9921
0 842015 492 4422
305486 506893 511 9998
626503 807065 900 1633
693232 511189 72 889
697589 297236 413 4109
0 0 10 5
537714 679742 74 9956
936146 786711 435 9977
0 0 100 199
752607 786034 825 1069
156320 235969 936 7322
918159 900432 485 4556
311734 315682 175 9926
686590 0 850 9745
616965 101902 32 2140
226054 680962 567 9905
317901 371381 998 9136
705036 579817 916 3605
0 0 1000 10000
991922 374112 103 9901
399626 476507 140 4406
756862 849266 677 5993
136480 365847 321 5221
285074 0 976 1
608402 532568 484 3114
36216 30145 777 9929
49022 709150 103 3209
278889 438297 927 5081
834978 244896 347 4519
315940 87244 409 8999
130517 888467 575 9926
798422 115598 988 9932
235330 638853 293 5781
793172 198596 716 8767
848297 194560 688 9917
902148 715573 433 7589
834677 0 729 1
0 0 394 835
683401 52458 354 5814
324079 482695 440 4872
634925 259236 474 6942
943139 316964 350 9921
62741 957586 915 9934
724825 466935 112 2693
775641 319316 819 1540
937336 427760 977 9992
969178 217769 942 9939
293759 596095 344 9929
128873 729790 793 9902
58380 75602 316 9963
280740 681441 288 9962
574885 340092 377 9969
276387 95328 515 9913
627930 750445 134 8475
389275 627425 977 9715
995402 979355 110 9905
759319 503062 768 9945
991715 567980 899 9960
134482 699554 457 5290
436629 841373 948 9991
193537 523994 927 2710
957419 777781 302 8375
887594 493314 443 9931
572271 44600 702 7645
715948 248775 960 3810
891948 49120 763 4627
0 416411 47 1
485613 291220 524 7130
962490 591841 514 9378
739893 514865 959 9974
522943 248847 706 9942
190171 648204 672 9974
190542 982139 275 4477
526748 48268 441 7700
310717 85447 332 9961
47431 106597 702 9978
325598 683244 917 9928
682359 215196 493 9942
979857 835396 346 9991
489513 581844 461 9917
699281 776949 838 9959
725682 263649 612 9981
794032 792494 796 9995
0 0 949 1
672583 60345 175 2841
